[[], 0]
[[(0, 1)], 1]
[[(0, 2), (0, 3)], 0]
[[(0, 1), (0, 3)], 0]
[[(0, 1), (0, 2)], 0]
[[(0, 1), (0, 2), (0, 3)], 1]
[[(0, 3), (3, 4), (3, 8), (4, 5), (4, 6), (4, 7), (8, 9), (8, 12), (9, 10), (9, 11), (12, 13), (12, 14)], 4]
[[(0, 2)], 1]
[[(0, 2), (0, 3), (3, 8), (8, 9), (8, 12), (9, 10), (9, 11), (12, 13), (12, 14)], 3]
[[(0, 2), (0, 3), (3, 4), (4, 5), (4, 6), (4, 7)], 2]
[[(0, 2), (0, 3), (3, 4), (3, 8), (4, 6), (4, 7), (8, 9), (8, 12), (9, 10), (9, 11), (12, 13), (12, 14)], 0]
[[(0, 2), (0, 3), (3, 4), (3, 8), (4, 5), (4, 7), (8, 9), (8, 12), (9, 10), (9, 11), (12, 13), (12, 14)], 0]
[[(0, 2), (0, 3), (3, 4), (3, 8), (4, 5), (4, 6), (8, 9), (8, 12), (9, 10), (9, 11), (12, 13), (12, 14)], 0]
[[(0, 2), (0, 3), (3, 4), (3, 8), (4, 5), (4, 6), (4, 7), (8, 12), (12, 13), (12, 14)], 0]
[[(0, 2), (0, 3), (3, 4), (3, 8), (4, 5), (4, 6), (4, 7), (8, 9), (9, 10), (9, 11)], 0]
[[(0, 2), (0, 3), (3, 4), (3, 8), (4, 5), (4, 6), (4, 7), (8, 9), (8, 12), (9, 11), (12, 13), (12, 14)], 6]
[[(0, 2), (0, 3), (3, 4), (3, 8), (4, 5), (4, 6), (4, 7), (8, 9), (8, 12), (9, 10), (12, 13), (12, 14)], 6]
[[(0, 2), (0, 3), (3, 4), (3, 8), (4, 5), (4, 6), (4, 7), (8, 9), (8, 12), (9, 10), (9, 11), (12, 14)], 6]
[[(0, 2), (0, 3), (3, 4), (3, 8), (4, 5), (4, 6), (4, 7), (8, 9), (8, 12), (9, 10), (9, 11), (12, 13)], 6]
[[(0, 2), (0, 3), (3, 4), (3, 8), (4, 5), (4, 6), (4, 7), (8, 9), (8, 12), (9, 10), (9, 11), (12, 13), (12, 14)], 5]
[[(0, 3), (3, 8), (8, 9), (8, 12), (9, 10), (9, 11), (12, 13), (12, 14)], 2]
[[(0, 1), (0, 3), (3, 8), (8, 12), (12, 13), (12, 14)], 2]
[[(0, 1), (0, 3), (3, 8), (8, 9), (9, 10), (9, 11)], 2]
[[(0, 1), (0, 3), (3, 8), (8, 9), (8, 12), (9, 11), (12, 13), (12, 14)], 4]
[[(0, 1), (0, 3), (3, 8), (8, 9), (8, 12), (9, 10), (12, 13), (12, 14)], 4]
[[(0, 1), (0, 3), (3, 8), (8, 9), (8, 12), (9, 10), (9, 11), (12, 14)], 4]
[[(0, 1), (0, 3), (3, 8), (8, 9), (8, 12), (9, 10), (9, 11), (12, 13)], 4]
[[(0, 1), (0, 3), (3, 8), (8, 9), (8, 12), (9, 10), (9, 11), (12, 13), (12, 14)], 3]
[[(0, 3), (3, 4), (4, 5), (4, 6), (4, 7)], 3]
[[(0, 1), (0, 3), (3, 4), (4, 6), (4, 7)], 3]
[[(0, 1), (0, 3), (3, 4), (4, 5), (4, 7)], 3]
[[(0, 1), (0, 3), (3, 4), (4, 5), (4, 6)], 3]
[[(0, 1), (0, 3), (3, 4), (4, 5), (4, 6), (4, 7)], 2]
[[(0, 3), (3, 4), (3, 8), (4, 6), (4, 7), (8, 9), (8, 12), (9, 10), (9, 11), (12, 13), (12, 14)], 1]
[[(0, 1), (0, 3), (3, 4), (3, 8), (4, 7), (8, 9), (8, 12), (9, 10), (9, 11), (12, 13), (12, 14)], 5]
[[(0, 1), (0, 3), (3, 4), (3, 8), (4, 6), (8, 9), (8, 12), (9, 10), (9, 11), (12, 13), (12, 14)], 5]
[[(0, 1), (0, 3), (3, 4), (3, 8), (4, 6), (4, 7), (8, 12), (12, 13), (12, 14)], 5]
[[(0, 1), (0, 3), (3, 4), (3, 8), (4, 6), (4, 7), (8, 9), (9, 10), (9, 11)], 5]
[[(0, 1), (0, 3), (3, 4), (3, 8), (4, 6), (4, 7), (8, 9), (8, 12), (9, 11), (12, 13), (12, 14)], 7]
[[(0, 1), (0, 3), (3, 4), (3, 8), (4, 6), (4, 7), (8, 9), (8, 12), (9, 10), (12, 13), (12, 14)], 7]
[[(0, 1), (0, 3), (3, 4), (3, 8), (4, 6), (4, 7), (8, 9), (8, 12), (9, 10), (9, 11), (12, 14)], 7]
[[(0, 1), (0, 3), (3, 4), (3, 8), (4, 6), (4, 7), (8, 9), (8, 12), (9, 10), (9, 11), (12, 13)], 7]
[[(0, 1), (0, 3), (3, 4), (3, 8), (4, 6), (4, 7), (8, 9), (8, 12), (9, 10), (9, 11), (12, 13), (12, 14)], 0]
[[(0, 3), (3, 4), (3, 8), (4, 5), (4, 7), (8, 9), (8, 12), (9, 10), (9, 11), (12, 13), (12, 14)], 1]
[[(0, 1), (0, 3), (3, 4), (3, 8), (4, 5), (8, 9), (8, 12), (9, 10), (9, 11), (12, 13), (12, 14)], 5]
[[(0, 1), (0, 3), (3, 4), (3, 8), (4, 5), (4, 7), (8, 12), (12, 13), (12, 14)], 5]
[[(0, 1), (0, 3), (3, 4), (3, 8), (4, 5), (4, 7), (8, 9), (9, 10), (9, 11)], 5]
[[(0, 1), (0, 3), (3, 4), (3, 8), (4, 5), (4, 7), (8, 9), (8, 12), (9, 11), (12, 13), (12, 14)], 7]
[[(0, 1), (0, 3), (3, 4), (3, 8), (4, 5), (4, 7), (8, 9), (8, 12), (9, 10), (12, 13), (12, 14)], 7]
[[(0, 1), (0, 3), (3, 4), (3, 8), (4, 5), (4, 7), (8, 9), (8, 12), (9, 10), (9, 11), (12, 14)], 7]
[[(0, 1), (0, 3), (3, 4), (3, 8), (4, 5), (4, 7), (8, 9), (8, 12), (9, 10), (9, 11), (12, 13)], 7]
[[(0, 1), (0, 3), (3, 4), (3, 8), (4, 5), (4, 7), (8, 9), (8, 12), (9, 10), (9, 11), (12, 13), (12, 14)], 0]
[[(0, 3), (3, 4), (3, 8), (4, 5), (4, 6), (8, 9), (8, 12), (9, 10), (9, 11), (12, 13), (12, 14)], 1]
[[(0, 1), (0, 3), (3, 4), (3, 8), (4, 5), (4, 6), (8, 12), (12, 13), (12, 14)], 5]
[[(0, 1), (0, 3), (3, 4), (3, 8), (4, 5), (4, 6), (8, 9), (9, 10), (9, 11)], 5]
[[(0, 1), (0, 3), (3, 4), (3, 8), (4, 5), (4, 6), (8, 9), (8, 12), (9, 11), (12, 13), (12, 14)], 7]
[[(0, 1), (0, 3), (3, 4), (3, 8), (4, 5), (4, 6), (8, 9), (8, 12), (9, 10), (12, 13), (12, 14)], 7]
[[(0, 1), (0, 3), (3, 4), (3, 8), (4, 5), (4, 6), (8, 9), (8, 12), (9, 10), (9, 11), (12, 14)], 7]
[[(0, 1), (0, 3), (3, 4), (3, 8), (4, 5), (4, 6), (8, 9), (8, 12), (9, 10), (9, 11), (12, 13)], 7]
[[(0, 1), (0, 3), (3, 4), (3, 8), (4, 5), (4, 6), (8, 9), (8, 12), (9, 10), (9, 11), (12, 13), (12, 14)], 0]
[[(0, 3), (3, 4), (3, 8), (4, 5), (4, 6), (4, 7), (8, 12), (12, 13), (12, 14)], 1]
[[(0, 1), (0, 3), (3, 4), (3, 8), (4, 5), (4, 6), (4, 7)], 5]
[[(0, 1), (0, 3), (3, 4), (3, 8), (4, 5), (4, 6), (4, 7), (8, 12), (12, 14)], 3]
[[(0, 1), (0, 3), (3, 4), (3, 8), (4, 5), (4, 6), (4, 7), (8, 12), (12, 13)], 3]
[[(0, 1), (0, 3), (3, 4), (3, 8), (4, 5), (4, 6), (4, 7), (8, 12), (12, 13), (12, 14)], 0]
[[(0, 3), (3, 4), (3, 8), (4, 5), (4, 6), (4, 7), (8, 9), (9, 10), (9, 11)], 1]
[[(0, 1), (0, 3), (3, 4), (3, 8), (4, 5), (4, 6), (4, 7), (8, 9), (9, 11)], 3]
[[(0, 1), (0, 3), (3, 4), (3, 8), (4, 5), (4, 6), (4, 7), (8, 9), (9, 10)], 3]
[[(0, 1), (0, 3), (3, 4), (3, 8), (4, 5), (4, 6), (4, 7), (8, 9), (9, 10), (9, 11)], 0]
[[(0, 3), (3, 4), (3, 8), (4, 5), (4, 6), (4, 7), (8, 9), (8, 12), (9, 11), (12, 13), (12, 14)], 7]
[[(0, 1), (0, 3), (3, 4), (3, 8), (4, 5), (4, 6), (4, 7), (8, 9), (8, 12), (12, 13), (12, 14)], 5]
[[(0, 1), (0, 3), (3, 4), (3, 8), (4, 5), (4, 6), (4, 7), (8, 9), (8, 12), (9, 11), (12, 14)], 5]
[[(0, 1), (0, 3), (3, 4), (3, 8), (4, 5), (4, 6), (4, 7), (8, 9), (8, 12), (9, 11), (12, 13)], 5]
[[(0, 1), (0, 3), (3, 4), (3, 8), (4, 5), (4, 6), (4, 7), (8, 9), (8, 12), (9, 11), (12, 13), (12, 14)], 6]
[[(0, 3), (3, 8), (8, 9), (8, 12), (9, 10), (12, 13), (12, 14)], 5]
[[(0, 3), (3, 4), (3, 8), (4, 6), (4, 7), (8, 9), (8, 12), (9, 10), (12, 13), (12, 14)], 6]
[[(0, 3), (3, 4), (3, 8), (4, 5), (4, 7), (8, 9), (8, 12), (9, 10), (12, 13), (12, 14)], 6]
[[(0, 3), (3, 4), (3, 8), (4, 5), (4, 6), (8, 9), (8, 12), (9, 10), (12, 13), (12, 14)], 6]
[[(0, 3), (3, 4), (3, 8), (4, 5), (4, 6), (4, 7), (8, 9), (9, 10)], 2]
[[(0, 3), (3, 4), (3, 8), (4, 5), (4, 6), (4, 7), (8, 9), (8, 12), (12, 13), (12, 14)], 4]
[[(0, 3), (3, 4), (3, 8), (4, 5), (4, 6), (4, 7), (8, 9), (8, 12), (9, 10), (12, 14)], 4]
[[(0, 3), (3, 4), (3, 8), (4, 5), (4, 6), (4, 7), (8, 9), (8, 12), (9, 10), (12, 13)], 4]
[[(0, 3), (3, 4), (3, 8), (4, 5), (4, 6), (4, 7), (8, 9), (8, 12), (9, 10), (12, 13), (12, 14)], 7]
[[(0, 3), (3, 8), (8, 9), (8, 12), (9, 10), (12, 14)], 2]
[[(0, 1), (0, 3), (3, 8), (8, 12), (12, 14)], 5]
[[(0, 1), (0, 3), (3, 8), (8, 9), (9, 10)], 5]
[[(0, 1), (0, 3), (3, 8), (8, 9), (8, 12), (12, 14)], 4]
[[(0, 1), (0, 3), (3, 8), (8, 9), (8, 12), (9, 10)], 4]
[[(0, 1), (0, 3), (3, 8), (8, 9), (8, 12), (9, 10), (12, 14)], 3]
[[(0, 3), (3, 4), (3, 8), (4, 6), (4, 7), (8, 9), (8, 12), (9, 10), (12, 14)], 1]
[[(0, 1), (0, 3), (3, 4), (3, 8), (4, 7), (8, 9), (8, 12), (9, 10), (12, 14)], 5]
[[(0, 1), (0, 3), (3, 4), (3, 8), (4, 6), (8, 9), (8, 12), (9, 10), (12, 14)], 5]
[[(0, 1), (0, 3), (3, 4), (3, 8), (4, 6), (4, 7), (8, 12), (12, 14)], 2]
[[(0, 1), (0, 3), (3, 4), (3, 8), (4, 6), (4, 7), (8, 9), (9, 10)], 2]
[[(0, 1), (0, 3), (3, 4), (3, 8), (4, 6), (4, 7), (8, 9), (8, 12), (12, 14)], 7]
[[(0, 1), (0, 3), (3, 4), (3, 8), (4, 6), (4, 7), (8, 9), (8, 12), (9, 10)], 7]
[[(0, 1), (0, 3), (3, 4), (3, 8), (4, 6), (4, 7), (8, 9), (8, 12), (9, 10), (12, 14)], 0]
[[(0, 3), (3, 4), (3, 8), (4, 5), (4, 7), (8, 9), (8, 12), (9, 10), (12, 14)], 1]
[[(0, 1), (0, 3), (3, 4), (3, 8), (4, 5), (8, 9), (8, 12), (9, 10), (12, 14)], 5]
[[(0, 1), (0, 3), (3, 4), (3, 8), (4, 5), (4, 7), (8, 12), (12, 14)], 2]
[[(0, 1), (0, 3), (3, 4), (3, 8), (4, 5), (4, 7), (8, 9), (9, 10)], 2]
[[(0, 1), (0, 3), (3, 4), (3, 8), (4, 5), (4, 7), (8, 9), (8, 12), (12, 14)], 7]
[[(0, 1), (0, 3), (3, 4), (3, 8), (4, 5), (4, 7), (8, 9), (8, 12), (9, 10)], 7]
[[(0, 1), (0, 3), (3, 4), (3, 8), (4, 5), (4, 7), (8, 9), (8, 12), (9, 10), (12, 14)], 0]
[[(0, 3), (3, 4), (3, 8), (4, 5), (4, 6), (8, 9), (8, 12), (9, 10), (12, 14)], 1]
[[(0, 1), (0, 3), (3, 4), (3, 8), (4, 5), (4, 6), (8, 12), (12, 14)], 2]
[[(0, 1), (0, 3), (3, 4), (3, 8), (4, 5), (4, 6), (8, 9), (9, 10)], 2]
[[(0, 1), (0, 3), (3, 4), (3, 8), (4, 5), (4, 6), (8, 9), (8, 12), (12, 14)], 7]
[[(0, 1), (0, 3), (3, 4), (3, 8), (4, 5), (4, 6), (8, 9), (8, 12), (9, 10)], 7]
[[(0, 1), (0, 3), (3, 4), (3, 8), (4, 5), (4, 6), (8, 9), (8, 12), (9, 10), (12, 14)], 0]
[[(0, 3), (3, 4), (3, 8), (4, 5), (4, 6), (4, 7), (8, 9), (8, 12), (12, 14)], 7]
[[(0, 1), (0, 3), (3, 4), (3, 8), (4, 5), (4, 6), (4, 7), (8, 9)], 0]
[[(0, 1), (0, 3), (3, 4), (3, 8), (4, 5), (4, 6), (4, 7), (8, 9), (8, 12)], 5]
[[(0, 1), (0, 3), (3, 4), (3, 8), (4, 5), (4, 6), (4, 7), (8, 9), (8, 12), (12, 14)], 6]
[[(0, 3)], 1]
[[(0, 3), (3, 8), (8, 12)], 3]
[[(0, 3), (3, 8), (8, 9), (9, 10)], 4]
[[(0, 3), (3, 8), (8, 9), (8, 12)], 2]
[[(0, 3), (3, 8), (8, 9), (8, 12), (9, 10)], 5]
[[(0, 3), (3, 4), (4, 6), (4, 7)], 2]
[[(0, 3), (3, 4), (3, 8), (4, 7), (8, 9), (8, 12), (9, 10)], 7]
[[(0, 3), (3, 4), (3, 8), (4, 6), (8, 9), (8, 12), (9, 10)], 7]
[[(0, 3), (3, 4), (3, 8), (4, 6), (4, 7), (8, 12)], 4]
[[(0, 3), (3, 4), (3, 8), (4, 6), (4, 7), (8, 9), (9, 10)], 3]
[[(0, 3), (3, 4), (3, 8), (4, 6), (4, 7), (8, 9), (8, 12)], 1]
[[(0, 3), (3, 4), (3, 8), (4, 6), (4, 7), (8, 9), (8, 12), (9, 10)], 6]
[[(0, 3), (3, 4), (4, 5), (4, 7)], 2]
[[(0, 3), (3, 4), (3, 8), (4, 5), (8, 9), (8, 12), (9, 10)], 7]
[[(0, 3), (3, 4), (3, 8), (4, 5), (4, 7), (8, 12)], 4]
[[(0, 3), (3, 4), (3, 8), (4, 5), (4, 7), (8, 9), (9, 10)], 3]
[[(0, 3), (3, 4), (3, 8), (4, 5), (4, 7), (8, 9), (8, 12)], 1]
[[(0, 3), (3, 4), (3, 8), (4, 5), (4, 7), (8, 9), (8, 12), (9, 10)], 6]
[[(0, 3), (3, 4), (4, 6)], 3]
[[(0, 3), (3, 4), (4, 5)], 3]
[[(0, 3), (3, 4), (4, 5), (4, 6)], 2]
[[(0, 3), (3, 4), (3, 8), (4, 6), (8, 12)], 1]
[[(0, 3), (3, 4), (3, 8), (4, 5), (8, 12)], 1]
[[(0, 3), (3, 4), (3, 8), (4, 5), (4, 6)], 1]
[[(0, 3), (3, 4), (3, 8), (4, 5), (4, 6), (8, 12)], 4]
[[(0, 3), (3, 4), (3, 8), (4, 6), (8, 9), (9, 10)], 2]
[[(0, 3), (3, 4), (3, 8), (4, 5), (8, 9), (9, 10)], 2]
[[(0, 3), (3, 4), (3, 8), (4, 5), (4, 6), (8, 9)], 4]
[[(0, 3), (3, 4), (3, 8), (4, 5), (4, 6), (8, 9), (9, 10)], 3]
[[(0, 3), (3, 4), (3, 8), (8, 9), (8, 12)], 1]
[[(0, 3), (3, 4), (3, 8), (4, 6), (8, 9)], 1]
[[(0, 3), (3, 4), (3, 8), (4, 6), (8, 9), (8, 12)], 4]
[[(0, 3), (3, 8)], 2]
[[(0, 3), (3, 8), (8, 9)], 3]
[[(0, 2), (0, 3), (3, 4), (4, 5), (4, 6)], 3]
[[(0, 1), (0, 2), (0, 3), (3, 4), (4, 6)], 3]
[[(0, 1), (0, 2), (0, 3), (3, 4), (4, 5)], 3]
[[(0, 1), (0, 2), (0, 3), (3, 4), (4, 5), (4, 6)], 2]
[[(0, 2), (2, 4), (2, 3), (4, 3)], 2]
[[(0, 2), (2, 1), (2, 3), (3, 4)], 4]
[[(0, 2), (2, 1), (2, 4), (4, 3)], 4]
[[(0, 2), (2, 1), (2, 4), (2, 3)], 2]
[[(0, 2), (2, 1), (2, 4), (2, 3), (4, 3)], 1]
[[(0, 1), (1, 2), (2, 3), (3, 4)], 4]
[[(0, 1), (1, 2), (2, 4), (4, 3)], 4]
[[(0, 1), (1, 2), (2, 4), (2, 3)], 2]
[[(0, 1), (1, 2), (2, 4), (2, 3), (4, 3)], 3]
[[(0, 1), (0, 2), (2, 3), (3, 4)], 2]
[[(0, 1), (0, 2), (2, 4), (4, 3)], 2]
[[(0, 1), (0, 2), (2, 4), (2, 3)], 0]
[[(0, 1), (0, 2), (2, 4), (2, 3), (4, 3)], 3]
[[(0, 1), (0, 2), (1, 2)], 1]
[[(0, 1), (0, 2), (1, 2), (2, 3)], 0]
[[(0, 1), (0, 2), (1, 2), (2, 3), (3, 4)], 3]
[[(0, 1), (0, 2), (1, 2), (2, 4)], 0]
[[(0, 1), (0, 2), (1, 2), (2, 4), (4, 3)], 3]
[[(0, 1), (0, 2), (1, 2), (2, 4), (2, 3)], 1]